3.360050744207423445e+00
3.363051236016508128e+00
3.358550498302880438e+00
3.355049924525614014e+00
3.354049760589252749e+00
3.354049760589252749e+00
3.348048776971081608e+00
3.350049104843805026e+00
3.359050580271061737e+00
3.360050744207423445e+00
3.359050580271061737e+00
3.364051399952870280e+00
3.359550662239242147e+00
3.361050908143785154e+00
3.368052055698317560e+00
3.364051399952870280e+00
3.366051727825593698e+00
3.364051399952870280e+00
3.362051072080146863e+00
3.361050908143785154e+00
3.356050088461976166e+00
3.355049924525614014e+00
3.356050088461976166e+00
3.358050416334699584e+00
3.358050416334699584e+00
3.363051236016508128e+00
3.359050580271061737e+00
3.354049760589252749e+00
3.351049268780167179e+00
3.347048613034719899e+00
3.346048449098358635e+00
3.346048449098358635e+00
3.347048613034719899e+00
3.343047957289272620e+00
3.346048449098358635e+00
3.350049104843805026e+00
3.349048940907443317e+00
3.350049104843805026e+00
3.346048449098358635e+00
3.341047629416549203e+00
3.346048449098358635e+00
3.349048940907443317e+00
3.351049268780167179e+00
3.350049104843805026e+00
3.360050744207423445e+00
3.362051072080146863e+00
3.368052055698317560e+00
3.363051236016508128e+00
3.363051236016508128e+00
3.363051236016508128e+00
3.360050744207423445e+00
3.362051072080146863e+00
3.361050908143785154e+00
3.366051727825593698e+00
3.359050580271061737e+00
3.359050580271061737e+00
3.358050416334699584e+00
3.356050088461976166e+00
3.353049596652890596e+00
3.355049924525614014e+00
3.355049924525614014e+00
3.356050088461976166e+00
3.353049596652890596e+00
3.354049760589252749e+00
3.355049924525614014e+00
3.356050088461976166e+00
3.357050252398337875e+00
3.355049924525614014e+00
3.348048776971081608e+00
3.351049268780167179e+00
3.349048940907443317e+00
3.351549350748348477e+00
3.351049268780167179e+00
3.351049268780167179e+00
3.348048776971081608e+00
3.347048613034719899e+00
3.347048613034719899e+00
3.346048449098358635e+00
3.343047957289272620e+00
3.344048121225634773e+00
3.344048121225634773e+00
3.344048121225634773e+00
3.344048121225634773e+00
3.349048940907443317e+00
3.349549022875624171e+00
3.347048613034719899e+00
3.345048285161996482e+00
3.338047137607464077e+00
3.340047465480187494e+00
3.339047301543825341e+00
3.341047629416549203e+00
3.344048121225634773e+00
3.342047793352910912e+00
3.343047957289272620e+00
3.344048121225634773e+00
3.349048940907443317e+00
3.356050088461976166e+00
3.357050252398337875e+00
3.352049432716528887e+00
3.350049104843805026e+00
3.351049268780167179e+00
3.367051891761955851e+00
3.368052055698317560e+00
3.372052711443764839e+00
3.370052383571041421e+00
3.368052055698317560e+00
3.370052383571041421e+00
3.370052383571041421e+00
3.376053367189211674e+00
3.374553121284668666e+00
3.370552465539221831e+00
3.368052055698317560e+00
3.363051236016508128e+00
3.362051072080146863e+00
3.362051072080146863e+00
3.361050908143785154e+00
3.355049924525614014e+00
3.354049760589252749e+00
3.352549514684710186e+00
3.354049760589252749e+00
3.353049596652890596e+00
3.353049596652890596e+00
3.351049268780167179e+00
3.345048285161996482e+00
3.345048285161996482e+00
3.343047957289272620e+00
3.331045990052931227e+00
3.335046645798378062e+00
3.333046317925655089e+00
3.333046317925655089e+00
3.332046153989293380e+00
3.322044514625675404e+00
3.320544268721132841e+00
3.321044350689313251e+00
3.334546563830197208e+00
3.332046153989293380e+00
3.328045498243846101e+00
3.328045498243846101e+00
3.325045006434760531e+00
3.329045662180207810e+00
3.331045990052931227e+00
3.337046973671101924e+00
3.339047301543825341e+00
3.339047301543825341e+00
3.337046973671101924e+00
3.341047629416549203e+00
3.338047137607464077e+00
3.339047301543825341e+00
3.338047137607464077e+00
3.340047465480187494e+00
3.348048776971081608e+00
3.351049268780167179e+00
3.353049596652890596e+00
3.353049596652890596e+00
3.350049104843805026e+00
3.352049432716528887e+00
3.348048776971081608e+00
3.347048613034719899e+00
3.347048613034719899e+00
3.346048449098358635e+00
3.347048613034719899e+00
3.349048940907443317e+00
3.341047629416549203e+00
3.340047465480187494e+00
3.341047629416549203e+00
3.341547711384730057e+00
3.342047793352910912e+00
3.341047629416549203e+00
3.356050088461976166e+00
3.354049760589252749e+00
3.348048776971081608e+00
3.345048285161996482e+00
3.343047957289272620e+00
3.342047793352910912e+00
3.340047465480187494e+00
3.344048121225634773e+00
3.341047629416549203e+00
3.345548367130177336e+00
3.347048613034719899e+00
3.346048449098358635e+00
3.346048449098358635e+00
3.344048121225634773e+00
3.345048285161996482e+00
3.344048121225634773e+00
3.341047629416549203e+00
3.339047301543825341e+00
3.340047465480187494e+00
3.340047465480187494e+00
3.343047957289272620e+00
3.345048285161996482e+00
3.247032219398541475e+00
3.248032383334903184e+00
3.257033858762159007e+00
3.260034350571244577e+00
3.261034514507606286e+00
3.262034678443967994e+00
3.263034842380330147e+00
3.262034678443967994e+00
3.268035662062138691e+00
3.267535580093957837e+00
3.264035006316691856e+00
3.260034350571244577e+00
3.265035170253053121e+00
3.260034350571244577e+00
3.251032875143988310e+00
3.254033366953073436e+00
3.257033858762159007e+00
3.256033694825797298e+00
3.259034186634882868e+00
3.264035006316691856e+00
3.264035006316691856e+00
3.263034842380330147e+00
3.268035662062138691e+00
3.268035662062138691e+00
3.266035334189415273e+00
3.261034514507606286e+00
3.262034678443967994e+00
3.260034350571244577e+00
3.258034022698521159e+00
3.255033530889435589e+00
3.257033858762159007e+00
3.256033694825797298e+00
3.248032383334903184e+00
3.245031891525818057e+00
3.233029924289476220e+00
3.235030252162200082e+00
3.233029924289476220e+00
3.234030088225838373e+00
3.235030252162200082e+00
3.233029924289476220e+00
3.232029760353114511e+00
3.225028612798581662e+00
3.229029268544029385e+00
3.223028284925858244e+00
3.214026809498601978e+00
3.210026153753154698e+00
3.209526071784973844e+00
3.215026973434964130e+00
3.215026973434964130e+00
3.215026973434964130e+00
3.214026809498601978e+00
3.207525743912250427e+00
3.209025989816792990e+00
3.207025661944070016e+00
3.203025006198622737e+00
3.197024022580452041e+00
3.194023530771366470e+00
3.197024022580452041e+00
3.201024678325898876e+00
3.202024842262260584e+00
3.204025170134984446e+00
3.205025334071346599e+00
3.211026317689516851e+00
3.216027137371325839e+00
3.214026809498601978e+00
3.214026809498601978e+00
3.210026153753154698e+00
3.211026317689516851e+00
3.214026809498601978e+00
3.209025989816792990e+00
3.207025661944070016e+00
3.204025170134984446e+00
3.203525088166803592e+00
3.202024842262260584e+00
3.198024186516813305e+00
3.203025006198622737e+00
3.207025661944070016e+00
3.202024842262260584e+00
3.199024350453175458e+00
3.194023530771366470e+00
3.193023366835004762e+00
3.193023366835004762e+00
3.185022055344110203e+00
3.179021071725939951e+00
3.176020579916854381e+00
3.179021071725939951e+00
3.175020415980492672e+00
3.171019760235045393e+00
3.162018284807789570e+00
3.157017465125980582e+00
3.154016973316895012e+00
3.159017792998704000e+00
3.161018120871427417e+00
3.163018448744151279e+00
3.174020252044130963e+00
3.175020415980492672e+00
3.184021891407748495e+00
3.180021235662301660e+00
3.190022875025919191e+00
3.198524268484994604e+00
3.194023530771366470e+00
3.192023202898643053e+00
3.191023038962281344e+00
3.196523940612271186e+00
3.193023366835004762e+00
3.191023038962281344e+00
3.191023038962281344e+00
3.188022547153195774e+00
3.187022383216834065e+00
3.185022055344110203e+00
3.186022219280472356e+00
3.184021891407748495e+00
3.184021891407748495e+00
3.192023202898643053e+00
3.196023858644089888e+00
3.191023038962281344e+00
3.193523448803185616e+00
3.191023038962281344e+00
3.189022711089557927e+00
3.189022711089557927e+00
3.186022219280472356e+00
3.183021727471386786e+00
3.179021071725939951e+00
3.178020907789578242e+00
3.179021071725939951e+00
3.177020743853216089e+00
3.169019432362321531e+00
3.165018776616875140e+00
3.168019268425959822e+00
3.164018612680512987e+00
3.162018284807789570e+00
3.173020088107769254e+00
3.177020743853216089e+00
3.177020743853216089e+00
3.173020088107769254e+00
3.174020252044130963e+00
3.176020579916854381e+00
3.182021563535025077e+00
3.185022055344110203e+00
3.193023366835004762e+00
3.199024350453175458e+00
3.202024842262260584e+00
3.206025498007707863e+00
3.210026153753154698e+00
3.214526891466783276e+00
3.219027629180411409e+00
3.219027629180411409e+00
3.221027957053135271e+00
3.225028612798581662e+00
3.223028284925858244e+00
3.221027957053135271e+00
3.222028120989496536e+00
3.221027957053135271e+00
3.225028612798581662e+00
3.234030088225838373e+00
3.236030416098561791e+00
3.232029760353114511e+00
3.230029432480390650e+00
3.229029268544029385e+00
3.229029268544029385e+00
3.230029432480390650e+00
3.231529678384933657e+00
3.233029924289476220e+00
3.224028448862219953e+00
3.224028448862219953e+00
3.225528694766762960e+00
3.227028940671305524e+00
3.229029268544029385e+00
3.232029760353114511e+00
3.238030743971284764e+00
3.238030743971284764e+00
3.231029596416752803e+00
3.229029268544029385e+00
3.227028940671305524e+00
3.229029268544029385e+00
3.230029432480390650e+00
3.233029924289476220e+00
3.234030088225838373e+00
3.235030252162200082e+00
3.243031563653094196e+00
3.248032383334903184e+00
3.242031399716732487e+00
3.239530989875827771e+00
3.237530662003104354e+00
3.237030580034923499e+00
3.234030088225838373e+00
3.238030743971284764e+00
3.242031399716732487e+00
3.240031071844008626e+00
3.238030743971284764e+00
3.234030088225838373e+00
3.235030252162200082e+00
3.223028284925858244e+00
3.232029760353114511e+00
3.222028120989496536e+00
3.231029596416752803e+00
3.231029596416752803e+00
3.221528039021315681e+00
3.220527875084953973e+00
3.219027629180411409e+00
3.220027793116773118e+00
3.223528366894039543e+00
3.225028612798581662e+00
3.231029596416752803e+00
3.241031235780370334e+00
3.238030743971284764e+00
3.236030416098561791e+00
3.239030907907646917e+00
3.237030580034923499e+00
3.233029924289476220e+00
3.230029432480390650e+00
3.230029432480390650e+00
3.228029104607667232e+00
3.226028776734943815e+00
3.224028448862219953e+00
3.225028612798581662e+00
3.227529022639486822e+00
3.223028284925858244e+00
3.219027629180411409e+00
3.218027465244049257e+00
3.220527875084953973e+00
3.220027793116773118e+00
3.222528202957677390e+00
3.221027957053135271e+00
3.223528366894039543e+00
3.224528530830400808e+00
3.224028448862219953e+00
3.217027301307687548e+00
3.219027629180411409e+00
3.220027793116773118e+00
3.218527547212230111e+00
3.221027957053135271e+00
3.214026809498601978e+00
3.213526727530421567e+00
3.215026973434964130e+00
3.212026481625878560e+00
3.208025825880431725e+00
3.202024842262260584e+00
3.204025170134984446e+00
3.206025498007707863e+00
3.208025825880431725e+00
3.209025989816792990e+00
3.209025989816792990e+00
3.207025661944070016e+00
3.209025989816792990e+00
3.209025989816792990e+00
3.213026645562240713e+00
3.211026317689516851e+00
3.209025989816792990e+00
3.206025498007707863e+00
3.206025498007707863e+00
3.209025989816792990e+00
3.214026809498601978e+00
3.216527219339506694e+00
3.211026317689516851e+00
3.210026153753154698e+00
3.209025989816792990e+00
3.211026317689516851e+00
3.215026973434964130e+00
3.209025989816792990e+00
3.211026317689516851e+00
3.208025825880431725e+00
3.207025661944070016e+00
3.207525743912250427e+00
3.203025006198622737e+00
3.204025170134984446e+00
3.206025498007707863e+00
3.204025170134984446e+00
3.202024842262260584e+00
3.198024186516813305e+00
3.197024022580452041e+00
3.198024186516813305e+00
3.193023366835004762e+00
3.193023366835004762e+00
3.194023530771366470e+00
3.197024022580452041e+00
3.196023858644089888e+00
3.195023694707728179e+00
3.192023202898643053e+00
3.191023038962281344e+00
3.191023038962281344e+00
3.191023038962281344e+00
3.188022547153195774e+00
3.188022547153195774e+00
3.189022711089557927e+00
3.189522793057737893e+00
3.186022219280472356e+00
3.185022055344110203e+00
3.198524268484994604e+00
3.202024842262260584e+00
3.205025334071346599e+00
3.198024186516813305e+00
3.196023858644089888e+00
3.197024022580452041e+00
3.196023858644089888e+00
3.198024186516813305e+00
3.196023858644089888e+00
3.196523940612271186e+00
3.209025989816792990e+00
3.221528039021315681e+00
3.226028776734943815e+00
3.225028612798581662e+00
3.224028448862219953e+00
3.223028284925858244e+00
3.222028120989496536e+00
3.226028776734943815e+00
3.217027301307687548e+00
3.215026973434964130e+00
3.214026809498601978e+00
3.214026809498601978e+00
3.210026153753154698e+00
3.213026645562240713e+00
3.208025825880431725e+00
3.203025006198622737e+00
3.205025334071346599e+00
3.204025170134984446e+00
3.196023858644089888e+00
3.199024350453175458e+00
3.199024350453175458e+00
3.198024186516813305e+00
3.199024350453175458e+00
3.204025170134984446e+00
3.200024514389537167e+00
3.196023858644089888e+00
3.195023694707728179e+00
3.191023038962281344e+00
3.192023202898643053e+00
3.190522956994100046e+00
3.198024186516813305e+00
3.195023694707728179e+00
3.197024022580452041e+00
3.198024186516813305e+00
3.195023694707728179e+00
3.192023202898643053e+00
3.189022711089557927e+00
3.187022383216834065e+00
3.186522301248653655e+00
3.187522465185015363e+00
3.188022547153195774e+00
3.189022711089557927e+00
3.191023038962281344e+00
3.188022547153195774e+00
3.187022383216834065e+00
3.188022547153195774e+00
3.189022711089557927e+00
3.193023366835004762e+00
3.197024022580452041e+00
3.198024186516813305e+00
3.197024022580452041e+00
3.197024022580452041e+00
3.191023038962281344e+00
3.189022711089557927e+00
3.188022547153195774e+00
3.184521973375929349e+00
3.182021563535025077e+00
3.180021235662301660e+00
3.176020579916854381e+00
3.176020579916854381e+00
3.177020743853216089e+00
3.176020579916854381e+00
3.177020743853216089e+00
3.168019268425959822e+00
3.164018612680512987e+00
3.166018940553236849e+00
3.162018284807789570e+00
3.157017465125980582e+00
3.158517711030523145e+00
3.165018776616875140e+00
3.170019596298683684e+00
3.174020252044130963e+00
3.169019432362321531e+00
3.166018940553236849e+00
3.165018776616875140e+00
3.159017792998704000e+00
3.165018776616875140e+00
3.166018940553236849e+00
3.167019104489598558e+00
3.165518858585055550e+00
3.161018120871427417e+00
3.157017465125980582e+00
3.155017137253256720e+00
3.159017792998704000e+00
3.160017956935065708e+00
3.165018776616875140e+00
3.164018612680512987e+00
3.211026317689516851e+00
3.206025498007707863e+00
3.202024842262260584e+00
3.200024514389537167e+00
3.195023694707728179e+00
3.192023202898643053e+00
3.192023202898643053e+00
3.191023038962281344e+00
3.191023038962281344e+00
3.186022219280472356e+00
3.185022055344110203e+00
3.186022219280472356e+00
3.178020907789578242e+00
3.174020252044130963e+00
3.166018940553236849e+00
3.171019760235045393e+00
3.171019760235045393e+00
3.177020743853216089e+00
3.177020743853216089e+00
3.173020088107769254e+00
3.174020252044130963e+00
3.177020743853216089e+00
3.179021071725939951e+00
3.190022875025919191e+00
3.193023366835004762e+00
3.192023202898643053e+00
3.195023694707728179e+00
3.190022875025919191e+00
3.186022219280472356e+00
3.184021891407748495e+00
3.183021727471386786e+00
3.184021891407748495e+00
3.183021727471386786e+00
3.181021399598663812e+00
3.178020907789578242e+00
3.177020743853216089e+00
3.176020579916854381e+00
3.176020579916854381e+00
3.175020415980492672e+00
3.177020743853216089e+00
3.172019924171407101e+00
3.168019268425959822e+00
3.169019432362321531e+00
3.165018776616875140e+00
3.161018120871427417e+00
3.160017956935065708e+00
3.161018120871427417e+00
3.167019104489598558e+00
3.166018940553236849e+00
3.164018612680512987e+00
3.161018120871427417e+00
3.159017792998704000e+00
3.153016809380533303e+00
3.153016809380533303e+00
3.149016153635086468e+00
3.151016481507809885e+00
3.147015825762362606e+00
3.138014350335106784e+00
3.140014678207829757e+00
3.140014678207829757e+00
3.142015006080553619e+00
3.141014842144191910e+00
3.132013366716935643e+00
3.128012710971488364e+00
3.133513612621478206e+00
3.154517055285075866e+00
3.157017465125980582e+00
3.164018612680512987e+00
3.169019432362321531e+00
3.170019596298683684e+00
3.171019760235045393e+00
3.166018940553236849e+00
3.165018776616875140e+00
3.165018776616875140e+00
3.164018612680512987e+00
3.175020415980492672e+00
3.171019760235045393e+00
3.176020579916854381e+00
3.179521153694120805e+00
3.186022219280472356e+00
3.189022711089557927e+00
3.187022383216834065e+00
3.186022219280472356e+00
3.182021563535025077e+00
3.186022219280472356e+00
3.190022875025919191e+00
3.189022711089557927e+00
3.192023202898643053e+00
3.186022219280472356e+00
3.184021891407748495e+00
3.183021727471386786e+00
3.180021235662301660e+00
3.179021071725939951e+00
3.180021235662301660e+00
3.181021399598663812e+00
3.179021071725939951e+00
3.154517055285075866e+00
3.146015661826000898e+00
3.140014678207829757e+00
3.141014842144191910e+00
3.138014350335106784e+00
3.149016153635086024e+00
3.145015497889638745e+00
3.142015006080553619e+00
3.137014186398744631e+00
3.142015006080553619e+00
3.145515579857820043e+00
3.143515251985096626e+00
3.139014514271468492e+00
3.138014350335106784e+00
3.138014350335106784e+00
3.142015006080553619e+00
3.132013366716935643e+00
3.134013694589659504e+00
3.144515415921457890e+00
3.144015333953277036e+00
3.141514924112372764e+00
3.148015989698724315e+00
3.147015825762362606e+00
3.142015006080553619e+00
3.138514432303287194e+00
3.143015170016915327e+00
3.154016973316895012e+00
3.148516071666905169e+00
3.144015333953277036e+00
3.142015006080553619e+00
3.137014186398744631e+00
3.141014842144191910e+00
3.137014186398744631e+00
3.138014350335106784e+00
3.137014186398744631e+00
3.138014350335106784e+00
3.135513940494201623e+00
3.130013038844212225e+00
3.130013038844212225e+00
3.133513612621478206e+00
3.129012874907850073e+00
3.135013858526021213e+00
3.131013202780573934e+00
3.130513120812393080e+00
3.124012055226041529e+00
3.127012547035126655e+00
3.133013530653297796e+00
3.130013038844212225e+00
3.133013530653297796e+00
3.130013038844212225e+00
3.130013038844212225e+00
3.131013202780573934e+00
3.140014678207829757e+00
3.137014186398744631e+00
3.135013858526021213e+00
3.132013366716935643e+00
3.132013366716935643e+00
3.129012874907850073e+00
3.128012710971488364e+00
3.129012874907850073e+00
3.127012547035126655e+00
3.125012219162403682e+00
3.127012547035126655e+00
3.128012710971488364e+00
3.122011727353318111e+00
3.127012547035126655e+00
3.126012383098764946e+00
3.132013366716935643e+00
3.135013858526021213e+00
3.130013038844212225e+00
3.129012874907850073e+00
3.128012710971488364e+00
3.130013038844212225e+00
3.127012547035126655e+00
3.126012383098764946e+00
3.125012219162403682e+00
3.125012219162403682e+00
3.127012547035126655e+00
3.125012219162403682e+00
3.121011563416955958e+00
3.122011727353318111e+00
3.117010907671509123e+00
3.119011235544232541e+00
3.117010907671509123e+00
3.122011727353318111e+00
3.123011891289679820e+00
3.122011727353318111e+00
3.117010907671509123e+00
3.115010579798785262e+00
3.112010087989700136e+00
3.114010415862423553e+00
3.115010579798785262e+00
3.107009268307891148e+00
3.108009432244252856e+00
3.111009924053338427e+00
3.110009760116976718e+00
3.107009268307891148e+00
3.084005497771569626e+00
3.076004186280675512e+00
3.088006153517017349e+00
3.094007137135188046e+00
3.106009104371529439e+00
3.102008448626082160e+00
3.098007792880634881e+00
3.102008448626082160e+00
3.099007956816996590e+00
3.096007465007911907e+00
3.098507874848816179e+00
3.101008284689720451e+00
3.095507383039730609e+00
3.096007465007911907e+00
3.092006809262464184e+00
3.086005825644293488e+00
3.082005169898846653e+00
3.082005169898846653e+00
3.081005005962484500e+00
3.084005497771569626e+00
3.084005497771569626e+00
3.086005825644293488e+00
3.094007137135188046e+00
3.101008284689720451e+00
3.117010907671509123e+00
3.113510333894242699e+00
3.118011071607870832e+00
3.113010251926061400e+00
3.120011399480594694e+00
3.127012547035126655e+00
3.126012383098764946e+00
3.120011399480594694e+00
3.122011727353318111e+00
3.122011727353318111e+00
3.132013366716935643e+00
3.131013202780573934e+00
3.124012055226041529e+00
3.125012219162403682e+00
3.128012710971488364e+00
3.120011399480594694e+00
3.117010907671509123e+00
3.117010907671509123e+00
3.115010579798785262e+00
3.118011071607870832e+00
3.117010907671509123e+00
3.109009596180615009e+00
3.111009924053338427e+00
3.111009924053338427e+00
3.111009924053338427e+00
3.112010087989700136e+00
3.114010415862423553e+00
3.113010251926061400e+00
3.125012219162403682e+00
3.126012383098764946e+00
3.125012219162403682e+00
3.122011727353318111e+00
3.134013694589659504e+00
3.134013694589659504e+00
3.140014678207829757e+00
3.148015989698724315e+00
3.147015825762362606e+00
3.146015661826000898e+00
3.151016481507809885e+00
3.154016973316895012e+00
3.156517383157799728e+00
3.165018776616875140e+00
3.175020415980492672e+00
3.173020088107769254e+00
3.171019760235045393e+00
3.175020415980492672e+00
3.176020579916854381e+00
3.176520661885035235e+00
3.181521481566844223e+00
3.188022547153195774e+00
3.190022875025919191e+00
3.192023202898643053e+00
3.192023202898643053e+00
3.188022547153195774e+00
3.186022219280472356e+00
3.188022547153195774e+00
3.184021891407748495e+00
3.188022547153195774e+00
3.188022547153195774e+00
3.195023694707728179e+00
3.196023858644089888e+00
3.190022875025919191e+00
3.190022875025919191e+00
3.190022875025919191e+00
3.199024350453175458e+00
3.192023202898643053e+00
